L: 101 -0.0939442366361618 0.4487423896789551 -0.10906092822551727
L: 102 1.488134741783142 -0.3458409607410431 0.25799721479415894
L: 103 1.866634488105774 -1.343570590019226 5.800701141357422
L: 104 4.237840175628662 4.807468891143799 -7.086491107940674
L: 105 2.336879014968872 0.11787449568510056 5.495339870452881
L: 106 0.07173295319080353 -2.4881584644317627 -0.6248118877410889
L: 108 1.2096025943756104 -3.434779644012451 -4.916337490081787
L: 109 2.741466522216797 2.570192575454712 -8.862129211425781
L: 110 1.9141976833343506 5.365503787994385 -8.058695793151855
L: 112 0.6221213340759277 2.246325731277466 -3.0840771198272705
L: 113 -0.18130552768707275 -4.034321308135986 4.920041084289551
L: 114 3.177964448928833 -1.667523741722107 -1.0380265712738037
L: 117 4.704880237579346 -7.657576084136963 -2.110013008117676
L: 118 -2.319502592086792 -1.3423922061920166 -5.327851295471191
L: 119 -7.247941493988037 -2.4754371643066406 2.956743001937866
L: 121 -0.3886551558971405 3.688347578048706 -1.5675241947174072
L: 122 3.538083553314209 3.544900417327881 -1.908984899520874
L: 123 -3.0237255096435547 1.1095380783081055 -3.2095866203308105
L: 124 7.823148250579834 -5.558782577514648 2.2724452018737793
L: 127 -4.283695220947266 -6.45284366607666 -3.6368894577026367
L: 129 -4.622923374176025 1.650809407234192 -3.9942338466644287
L: 130 -3.4158077239990234 4.2672200202941895 -2.596848249435425
L: 132 2.7274322509765625 -0.38946107029914856 -0.973974883556366
L: 133 8.19406509399414 0.6026843786239624 -1.2903207540512085
L: 135 1.9469408988952637 -0.4821404814720154 -3.7072441577911377
L: 137 0.4447440207004547 -3.1347732543945312 -2.893634796142578
L: 139 0.6210809350013733 1.3975043296813965 -1.407767653465271
L: 141 -2.2794411182403564 3.058441162109375 -4.4622483253479
L: 147 -3.662079334259033 -2.25893235206604 -8.298274040222168
L: 149 -6.420204162597656 1.436655044555664 -7.148360729217529
L: 150 -4.050306797027588 5.58505392074585 -6.398139953613281
L: 153 5.733802795410156 2.21118426322937 -4.8834686279296875
L: 154 1.8335992097854614 -2.84444522857666 -4.628058910369873
L: 160 -2.3364717960357666 4.134840488433838 -8.245914459228516
L: 161 0.742486298084259 -4.091915130615234 -6.128277778625488
L: 163 4.593608856201172 0.49118247628211975 -0.376228004693985
L: 172 5.2328338623046875 1.9889029264450073 -0.09951937198638916
L: 177 -0.4065178632736206 -3.9343957901000977 -8.59369945526123
L: 179 -4.7614006996154785 3.4302945137023926 -9.300963401794434
L: 192 -2.8581926822662354 -2.7315046787261963 -5.01657247543335
L: 176 1.5124406814575195 -4.638742923736572 -10.707697868347168
L: 125 1.0548394918441772 -12.445330619812012 0.3525610864162445
L: 146 -0.568933367729187 -4.3879075050354 -10.244266510009766
L: 111 -1.0461682081222534 -3.457620620727539 -8.897419929504395
L: 166 -0.42301782965660095 -6.137595176696777 -10.50744915008545
L: 107 -9.98593521118164 -3.738431453704834 -5.037863254547119
L: 159 -8.091381072998047 3.718864917755127 -7.6918559074401855
L: 168 -5.0628204345703125 3.4854588508605957 -10.363204956054688
L: 189 -3.7484614849090576 2.6656291484832764 -10.872489929199219
L: 151 -3.158738374710083 6.269639015197754 -9.352862358093262
L: 158 -0.7403650879859924 4.875948429107666 -10.993379592895508
L: 171 0.2343614399433136 6.249281406402588 -10.600445747375488
L: 143 11.680752754211426 -0.06122290715575218 -4.9195332527160645
L: 134 13.244400024414062 -3.1003987789154053 -0.12258460372686386
L: 126 6.880353927612305 -11.58474349975586 3.0674068927764893
L: 136 -3.5378987789154053 -14.244050979614258 -3.8207833766937256
L: 178 -9.987153053283691 -4.259139060974121 -9.468698501586914
L: 199 -2.633829116821289 -0.6854199171066284 -12.640429496765137
L: 148 -7.627633094787598 8.569297790527344 -9.028044700622559
L: 169 -1.5754952430725098 2.1394670009613037 -12.425596237182617
L: 175 4.256112098693848 -1.9747966527938843 -12.570919036865234
L: 183 3.8623054027557373 1.8939327001571655 -12.759801864624023
L: 184 3.6959376335144043 -0.6556234955787659 -13.087196350097656
L: 194 1.8128541707992554 -0.8747335076332092 -11.015738487243652
L: 186 -0.1931326687335968 -2.1559791564941406 -13.184743881225586
L: 144 13.817512512207031 -0.4705435335636139 -11.254939079284668
L: 164 6.004604339599609 0.35519546270370483 -13.559325218200684
L: 193 2.4741146564483643 1.2006919384002686 -13.215890884399414
L: 165 11.54541015625 -9.953761100769043 -8.7459135055542
L: 195 0.35014310479164124 -2.4862759113311768 -14.5367431640625
L: 157 -7.293485164642334 -10.0389404296875 -12.995681762695312
L: 198 -2.4821488857269287 0.3873414695262909 -13.802446365356445
L: 196 -6.034280776977539 -1.9743406772613525 -15.491560935974121
L: 200 -0.8301356434822083 1.6107560396194458 -14.247007369995117
L: 181 -6.34999942779541 12.538065910339355 -12.777911186218262
L: 173 10.29851245880127 11.916443824768066 -11.088692665100098
L: 174 7.516567707061768 -3.567561388015747 -15.79776668548584
L: 167 -7.890302658081055 -8.992199897766113 -15.209943771362305
L: 182 -4.72824764251709 0.15130926668643951 -17.60283851623535
L: 190 -2.492929697036743 5.789584159851074 -18.036779403686523
L: 170 -0.31212353706359863 8.520170211791992 -19.033096313476562
L: 180 -3.966797113418579 13.766705513000488 -16.333736419677734
L: 197 3.650618076324463 3.1727957725524902 -20.10563087463379
L: 187 -3.258133888244629 -3.7088141441345215 -22.551658630371094
L: 188 -4.166712760925293 0.9531021118164062 -22.61846923828125
L: 191 -0.41516533493995667 7.759010314941406 -22.18796157836914
