L: 101   0.807911 -0.0684937   -4.87059
L: 102 0.282164   1.0301 -5.18784
L: 103 -0.022815    1.2822  -9.10905
L: 104 3.36395 2.95776 0.24641
L: 105 0.965048  1.62507 -8.81014
L: 106  -1.27289 0.0632208   -4.7201
L: 108  -2.2046 0.872292 -1.82381
L: 109 1.69325 1.92931 1.33344
L: 110  3.68545  1.33819 0.969359
L: 112  1.84612  0.43037 -2.69578
L: 113  -1.97638 -0.130265  -8.68727
L: 114 -0.720475   2.22445  -4.38324
L: 117 -4.92526  3.30965 -4.06114
L: 118 -0.792644  -1.58329  -1.37186
L: 119 -1.04223 -5.07144  -7.1851
L: 121   2.95041 -0.275062  -3.63732
L: 122 2.84746 2.46516 -3.4303
L: 123  1.04714 -2.08455 -2.66512
L: 124   -3.197  5.45775 -6.99424
L: 127 -4.23319 -2.97139 -2.88432
L: 129  1.36441 -3.20518 -2.08118
L: 130  3.27929 -2.38342 -2.87176
L: 132 0.171969  1.90493 -4.34485
L: 133 0.855598  5.74368  -4.0709
L: 135 -0.0817304    1.36685   -2.45699
L: 137 -1.86728 0.325951 -3.18538
L: 139  1.37821 0.432386 -3.91388
L: 141  2.32313 -1.57001 -1.67149
L: 147 -1.64257 -2.51355 0.636556
L: 149  1.00978 -4.45348 0.104105
L: 150   3.93807  -2.81975 -0.141034
L: 153  1.72637  4.00946 -1.45866
L: 154 -1.77781  1.30107 -1.96937
L: 160  2.81503 -1.61455  1.02262
L: 161 -2.74378 0.541505 -1.01665
L: 163 0.832428  3.18909 -4.70562
L: 172  1.88827  3.64094 -4.80378
L: 177   -2.8077 -0.244473  0.719204
L: 179  2.24848 -3.30084  1.72492
L: 192 -1.74747  -1.9662 -1.67306
L: 176 -3.43336  1.10377   2.1228
L: 125 -8.05424 0.752304 -6.04699
L: 146  -3.23667 -0.346308   1.83519
L: 111  -2.50288 -0.705646  0.958268
L: 166  -4.46298 -0.250221   1.88599
L: 107 -2.47101 -6.93355 -1.70373
L: 159  2.54259 -5.60916 0.630183
L: 168 2.20344 -3.5159 2.45713
L: 189  1.61264 -2.57957  2.75088
L: 151  4.21665 -2.18076  1.94583
L: 158    3.1472 -0.489126   2.98611
L: 171  4.10722 0.177453  2.80013
L: 143 0.148034  8.18865 -1.60973
L: 134 -1.60276  9.29725 -5.16127
L: 126 -7.40301  4.87895 -8.05579
L: 136 -9.66495 -2.44138 -3.37656
L: 178 -3.11977  -6.9344  1.35113
L: 199 -0.831508  -1.78846   3.74294
L: 148  5.84001 -5.34108  1.91048
L: 169  1.13971 -1.05689  3.80138
L: 175 -1.71223  3.00495  3.59637
L: 183 0.964479  2.72528  3.99266
L: 184 -0.838461   2.61272   4.03658
L: 194 -0.848169    1.3043   2.59165
L: 186  -1.88555 -0.081319   4.02087
L: 144 -0.518576   9.62817   2.77892
L: 164 -0.154763   4.22619   4.42865
L: 193 0.440146  1.76398  4.26286
L: 165 -6.97005  8.11065 0.417593
L: 195 -2.19895 0.301983  4.92427
L: 157 -7.35401 -5.01803  3.37857
L: 198 -0.161459  -1.68281   4.62531
L: 196 -1.92097 -4.13979   5.6507
L: 200  0.658925 -0.528399   5.01199
L: 181  8.33524 -4.47169  4.78264
L: 173 7.92185  7.1257 3.44019
L: 174 -3.01089  5.26504  5.71021
L: 167 -6.79651 -5.42225  4.98375
L: 182 -0.597719  -3.24064   7.23931
L: 190 3.27348  -1.676 7.90161
L: 170   5.17279 -0.161549    8.8364
L: 180 9.01948 -2.7705 7.47208
L: 197  1.3439 2.59602 9.12551
L: 187 -3.59537 -2.16798   10.424
L: 188 -0.417863  -2.80927   10.7809
L: 191   4.45078 -0.234326   10.9962
