KF: 0 5.286203 7.947626 2.350165 -3.050065 0.594120 2.697321 5.286203 7.947626 2.350165 -3.050065 0.594120 2.697321
F: 0 73 0.737975 -0.494609 -0.459081
F: 1 1 -0.254985 -0.935110 0.246073
F: 2 22 -0.115186 -0.977459 0.176936
F: 3 45 -0.471727 0.805445 0.358793
F: 4 29 0.011027 -0.995096 0.098294
F: 5 51 0.048292 -0.996958 0.061177
F: 6 81 0.451231 -0.881023 -0.142089
F: 7 48 -0.266171 -0.927682 0.261839
F: 8 74 0.218123 -0.975878 -0.009239
F: 9 33 0.713631 -0.549700 -0.434235
F: 10 69 0.918022 -0.327905 -0.222967
F: 11 75 0.296540 -0.950138 -0.096445
F: 12 91 0.140286 -0.990100 0.004655
F: 13 12 -0.076107 -0.948866 0.306368
F: 14 88 -0.214744 -0.923779 0.317045
F: 15 80 0.021295 -0.958245 0.285154
F: 16 76 -0.222847 -0.950832 0.215078
F: 17 96 0.820990 -0.537960 -0.191243
F: 18 46 -0.099387 -0.906500 0.410341
F: 19 42 -0.098373 -0.978075 0.183554
F: 20 36 0.548523 -0.810228 -0.206529
F: 21 32 -0.363443 -0.742969 0.562056
F: 22 58 -0.286672 -0.905591 0.312610
F: 23 84 -0.308691 -0.917393 0.251197
F: 24 68 -0.274394 -0.642826 0.715180
F: 25 15 -0.510818 -0.771046 0.380202
F: 26 14 0.251006 -0.966576 0.052213
F: 27 93 0.235861 -0.954321 -0.183415
F: 28 23 -0.297930 -0.895210 0.331417
F: 29 70 0.294239 -0.953640 -0.063202
F: 30 3 0.945031 -0.242928 -0.218866
F: 31 11 0.507726 -0.800972 -0.317268
F: 32 85 -0.126385 -0.955052 0.268146
F: 33 18 0.393281 -0.904226 -0.166447
F: 34 47 0.394963 -0.895528 -0.205019
F: 35 5 -0.263544 -0.918317 0.295360
F: 36 2 0.375904 -0.918823 0.120251
F: 37 90 -0.350865 -0.895204 0.274779
F: 38 50 -0.627909 -0.391671 0.672550
F: 39 99 -0.137196 -0.960905 0.240497
F: 40 72 -0.874251 -0.092326 0.476615
F: 41 38 -0.327438 -0.837803 0.436887
F: 42 49 0.704866 -0.661736 -0.255478
F: 43 34 -0.364225 0.591645 0.719233
F: 44 10 0.753291 -0.435291 -0.493025
F: 45 43 0.014946 -0.997687 0.066305
F: 46 55 0.581326 -0.752023 -0.310679
F: 47 61 -0.097780 -0.862268 0.496924
F: 48 66 0.768896 -0.392759 -0.504519
F: 49 21 -0.527140 -0.698098 0.484544
F: 50 4 0.293170 -0.955405 -0.035395
F: 51 82 0.573711 -0.727942 -0.375442
KF: 1 -5.808309 9.873678 2.518714 -0.276510 1.335673 -2.274301 -5.808309 9.873678 2.518714 -0.276510 1.335673 -2.274301
F: 0 62 0.354797 0.322816 0.877444
F: 1 49 0.528960 0.008929 0.848600
F: 2 23 0.121559 0.803087 0.583331
F: 3 78 0.105423 0.952894 0.284393
F: 4 79 0.149784 0.365284 0.918767
F: 5 14 0.130062 0.911175 0.390952
F: 6 38 0.121823 0.905140 0.407284
F: 7 67 0.269543 0.599040 0.753987
F: 8 83 0.230342 0.291621 0.928386
F: 9 48 0.101753 0.765756 0.635031
F: 10 30 0.147822 0.956826 0.250264
F: 11 41 0.011199 0.988516 -0.150704
F: 12 1 0.075074 0.829066 0.554088
F: 13 61 0.116647 0.981183 0.153862
F: 14 95 0.055219 0.866170 0.496690
F: 15 99 0.145270 0.765947 0.626277
F: 16 8 0.258631 0.625084 0.736465
F: 17 93 -0.056132 0.986591 0.153258
F: 18 97 0.443548 0.259029 0.858003
F: 19 86 0.082089 0.990186 -0.113109
F: 20 42 0.032145 0.954825 0.295425
F: 21 66 0.168965 -0.792875 0.585491
F: 22 40 0.669486 0.738582 0.079285
F: 23 31 0.076133 0.972870 0.218468
F: 24 15 0.023138 0.909299 0.415499
F: 25 0 0.190805 0.378489 0.905726
F: 26 10 0.176963 -0.709730 0.681885
F: 27 17 0.047058 0.866894 0.496267
F: 28 57 0.002388 0.971568 -0.236751
F: 29 80 0.166186 0.901217 0.400237
F: 30 25 0.170426 0.460605 0.871090
F: 31 89 0.028078 0.942956 -0.331732
F: 32 12 0.233999 0.722521 0.650545
F: 33 54 0.266216 0.963158 -0.038153
F: 34 36 0.172727 0.859487 0.481089
F: 35 43 0.156411 0.515218 0.842666
F: 36 5 0.086797 0.865154 0.493938
F: 37 92 0.052317 0.935243 0.350119
F: 38 35 0.113243 0.372182 0.921225
F: 39 77 0.307041 0.205016 0.929351
F: 40 46 0.133362 0.952716 0.273032
F: 41 71 0.182112 0.227399 0.956622
F: 42 75 0.144456 0.713927 0.685157
F: 43 24 0.022305 0.998493 -0.050147
F: 44 4 0.263249 0.410132 0.873207
F: 45 84 0.057103 0.825790 0.561079
F: 46 11 0.155848 0.259480 0.953090
F: 47 28 0.545617 0.240752 0.802708
F: 48 85 0.141728 0.829976 0.539494
F: 49 63 0.118914 0.843344 0.524052
F: 50 44 0.174310 0.619532 0.765373
F: 51 16 0.158621 0.978986 0.128160
F: 52 96 0.559931 0.793797 0.237410
F: 53 56 0.122525 0.893823 0.431355
F: 54 45 -0.112879 0.905752 -0.408499
F: 55 55 0.266106 0.020955 0.963716
F: 56 59 0.198086 0.470128 0.860083
F: 57 50 0.017015 0.999846 0.004387
F: 58 21 0.048285 0.952248 0.301482
F: 59 9 0.209234 0.455369 0.865367
F: 60 20 -0.098240 0.993863 -0.050849
F: 61 91 0.168541 0.567059 0.806249
F: 62 60 0.163963 0.442248 0.881778
F: 63 34 -0.025231 0.945123 -0.325739
F: 64 94 -0.035247 0.999228 -0.017341
F: 65 88 0.166205 0.754181 0.635285
F: 66 32 0.144046 0.943121 0.299622
F: 67 33 0.267576 -0.329665 0.905386
F: 68 2 0.299332 0.819031 0.489477
F: 69 27 0.271571 0.779875 0.563954
F: 70 6 -0.009955 0.950596 0.310271
F: 71 81 0.314140 0.214519 0.924823
F: 72 13 0.056414 0.993525 0.098618
F: 73 74 0.238742 0.381388 0.893054
F: 74 19 0.140585 0.839225 0.525297
F: 75 51 0.163720 0.554628 0.815833
F: 76 47 0.157680 0.512823 0.843889
F: 77 29 0.163432 0.597514 0.785026
F: 78 18 0.144161 0.729003 0.669158
KF: 2 -8.727692 -1.645912 0.164472 -0.261106 1.142756 2.598664 -8.727692 -1.645912 0.164472 -0.261106 1.142756 2.598664
F: 0 9 -0.731449 0.270038 -0.626148
F: 1 32 -0.364574 -0.230195 -0.902273
F: 2 0 -0.607986 0.710767 -0.353783
F: 3 86 -0.241888 -0.642765 -0.726872
F: 4 97 -0.009376 -0.998923 -0.045438
F: 5 5 -0.515039 -0.121892 -0.848456
F: 6 56 -0.440289 -0.017383 -0.897688
F: 7 62 -0.140699 -0.989252 -0.039813
F: 8 64 -0.433544 -0.253021 -0.864882
F: 9 44 -0.550920 0.402781 -0.730927
F: 10 48 -0.551846 0.240865 -0.798404
F: 11 79 -0.783780 -0.596980 -0.171183
F: 12 99 -0.524155 0.096838 -0.846099
F: 13 68 -0.279128 -0.554201 -0.784187
F: 14 59 -0.746798 -0.363301 -0.557050
F: 15 19 -0.461997 0.094271 -0.881857
F: 16 27 -0.208974 -0.910570 -0.356640
F: 17 74 -0.558370 0.698442 -0.447662
F: 18 80 -0.375099 -0.438060 -0.816948
F: 19 18 -0.438591 -0.744384 -0.503518
F: 20 72 -0.386118 -0.607944 -0.693770
F: 21 73 -0.061112 -0.983428 0.170690
F: 22 63 -0.479474 0.128255 -0.868134
F: 23 30 -0.323010 -0.526951 -0.786122
F: 24 52 -0.268465 -0.858920 -0.436099
F: 25 69 -0.009589 -0.954464 -0.298172
F: 26 26 -0.401796 -0.623126 -0.671025
F: 27 16 -0.253113 -0.672043 -0.695911
F: 28 88 -0.470873 0.291826 -0.832536
F: 29 65 -0.606944 -0.182644 -0.773473
F: 30 94 -0.323555 -0.736671 -0.593825
F: 31 53 -0.605661 -0.128193 -0.785328
F: 32 24 -0.309205 -0.609371 -0.730109
F: 33 95 -0.541715 -0.284292 -0.791027
F: 34 67 -0.409885 0.405145 -0.817222
F: 35 35 -0.254332 -0.966516 0.034080
F: 36 54 -0.109536 -0.874323 -0.472822
F: 37 93 -0.374902 -0.749263 -0.545942
F: 38 33 -0.016194 -0.937818 0.346750
F: 39 85 -0.485603 -0.124358 -0.865289
F: 40 14 -0.365203 -0.647309 -0.669043
F: 41 29 -0.597783 0.376792 -0.707590
F: 42 25 -0.683727 0.507510 -0.524357
F: 43 28 0.004312 -0.999306 0.037005
F: 44 66 0.011069 -0.950932 0.309203
F: 45 1 -0.559624 -0.029369 -0.828226
F: 46 60 -0.728095 -0.583309 -0.360038
F: 47 92 -0.416034 -0.620308 -0.664931
F: 48 96 0.004495 -0.958728 -0.284290
F: 49 22 -0.561737 0.372895 -0.738513
F: 50 2 -0.252943 -0.622225 -0.740848
F: 51 42 -0.428473 -0.550576 -0.716434
F: 52 37 -0.163446 -0.920596 -0.354666
F: 53 46 -0.349378 -0.481510 -0.803793
F: 54 87 -0.716297 0.330555 -0.614534
F: 55 78 -0.395297 -0.212201 -0.893707
F: 56 58 -0.514615 0.217388 -0.829405
F: 57 36 -0.280238 -0.855856 -0.434714
F: 58 90 -0.566280 -0.023639 -0.823874
F: 59 3 -0.171301 -0.875809 -0.451238
F: 60 8 -0.356353 -0.794280 -0.492070
F: 61 39 -0.578280 -0.007034 -0.815808
F: 62 13 -0.215909 -0.913009 -0.346119
F: 63 77 -0.206703 0.978232 -0.018333
F: 64 43 -0.585300 0.597165 -0.548469
F: 65 34 -0.232610 -0.748007 -0.621593
F: 66 20 -0.390588 -0.614133 -0.685771
F: 67 98 -0.053578 -0.965034 -0.256590
F: 68 4 -0.673897 0.325379 -0.663319
F: 69 83 -0.564393 0.804315 -0.185843
F: 70 76 -0.581558 0.216327 -0.784215
F: 71 17 -0.544207 0.047961 -0.837579
F: 72 47 -0.588691 -0.716685 -0.373906
F: 73 55 -0.173425 -0.879885 0.442409
F: 74 84 -0.576720 0.032418 -0.816298
F: 75 11 -0.443637 -0.889400 0.110244
F: 76 89 -0.174985 -0.851346 -0.494561
F: 77 7 -0.329578 0.842205 -0.426696
KF: 3 9.438741 5.512966 0.893522 0.941756 2.895111 2.203758 9.438741 5.512966 0.893522 0.941756 2.895111 2.203758
F: 0 72 0.077435 -0.804230 -0.589253
F: 1 44 0.246752 0.472317 -0.846186
F: 2 46 0.079461 0.583685 -0.808082
F: 3 24 -0.062000 0.514648 -0.855157
F: 4 81 -0.252394 0.606334 -0.754093
F: 5 79 -0.297536 0.523205 -0.798579
F: 6 9 -0.059816 0.547958 -0.834364
F: 7 90 0.462388 0.268401 -0.845079
F: 8 53 0.177121 0.396839 -0.900637
F: 9 21 0.710106 0.160889 -0.685467
F: 10 97 -0.438312 0.625735 -0.645243
F: 11 67 0.207232 0.567575 -0.796815
F: 12 33 -0.639945 0.513766 -0.571415
F: 13 83 -0.049091 0.555493 -0.830071
F: 14 16 -0.338244 0.669141 -0.661696
F: 15 61 -0.056018 0.628593 -0.775714
F: 16 50 0.708934 0.143602 -0.690501
F: 17 58 0.524239 0.330612 -0.784773
F: 18 11 -0.435357 0.521061 -0.734139
F: 19 40 -0.711857 0.566683 -0.414886
F: 20 60 -0.275575 0.532080 -0.800593
F: 21 77 -0.030625 0.603282 -0.796940
F: 22 23 0.541449 0.328776 -0.773783
F: 23 0 0.031693 0.518976 -0.854201
F: 24 66 -0.738444 0.467916 -0.485547
F: 25 31 -0.038000 0.527759 -0.848544
F: 26 36 -0.503258 0.548946 -0.667376
F: 27 49 -0.518414 0.621161 -0.587712
F: 28 68 0.156622 0.700115 -0.696641
F: 29 55 -0.458113 0.559014 -0.691112
F: 30 35 -0.578981 0.491936 -0.650216
F: 31 98 -0.311330 0.647312 -0.695745
F: 32 34 -0.959788 0.057968 0.274677
F: 33 64 0.372441 0.439593 -0.817341
F: 34 56 0.657037 0.301262 -0.691046
F: 35 99 0.328026 0.439538 -0.836185
F: 36 14 -0.281847 0.563598 -0.776479
F: 37 1 0.371310 0.347880 -0.860876
F: 38 47 -0.322117 0.531136 -0.783668
F: 39 32 0.633831 0.403947 -0.659610
F: 40 63 0.615935 0.296768 -0.729762
F: 41 7 0.118021 0.575854 -0.808989
F: 42 70 -0.063780 0.574942 -0.815704
F: 43 76 0.398823 0.348969 -0.848033
F: 44 42 -0.116030 0.452852 -0.884003
F: 45 62 -0.484297 0.582577 -0.652733
F: 46 74 0.007108 0.557677 -0.830028
F: 47 54 -0.666176 0.610904 -0.427793
F: 48 57 -0.829570 0.418187 -0.370044
F: 49 87 0.051666 0.483793 -0.873656
F: 50 15 0.660728 0.128872 -0.739480
F: 51 41 -0.777656 0.445147 -0.443955
F: 52 6 0.097181 0.324485 -0.940886
F: 53 75 -0.249341 0.535073 -0.807172
F: 54 78 0.725227 0.278109 -0.629842
F: 55 12 0.375550 0.512348 -0.772309
F: 56 84 0.433858 0.295609 -0.851107
F: 57 82 -0.547984 0.493380 -0.675493
F: 58 8 -0.351113 0.587436 -0.729135
F: 59 2 -0.227586 0.669981 -0.706632
F: 60 22 0.328805 0.417925 -0.846892
F: 61 95 0.151732 0.403323 -0.902390
F: 62 93 -0.541877 0.395971 -0.741334
F: 63 52 -0.940122 0.162821 -0.299433
F: 64 85 0.270120 0.471197 -0.839648
F: 65 25 0.039740 0.505336 -0.862007
KF: 4 2.257454 -6.177852 2.232527 0.636801 2.863468 3.067449 2.257454 -6.177852 2.232527 0.636801 2.863468 3.067449
F: 0 59 -0.845096 -0.234048 0.480661
F: 1 33 -0.684485 -0.454650 0.569890
F: 2 55 -0.801239 -0.303898 0.515425
F: 3 34 0.307604 -0.768787 0.560665
F: 4 12 -0.119232 0.954472 0.273435
F: 5 96 -0.393434 -0.543342 0.741612
F: 6 53 -0.401540 -0.806478 0.434003
F: 7 39 -0.840297 -0.078792 0.536371
F: 8 37 -0.155447 -0.744249 0.649561
F: 9 95 -0.009186 -0.847539 0.530654
F: 10 32 0.803006 -0.399346 0.442385
F: 11 65 -0.456034 -0.746712 0.484205
F: 12 46 0.220189 -0.692934 0.686556
F: 13 10 -0.652145 -0.496765 0.572653
F: 14 89 0.023691 -0.755161 0.655112
F: 15 99 -0.403886 0.675255 0.617177
F: 16 47 -0.744023 -0.410779 0.526963
F: 17 29 -0.892378 0.451226 0.007486
F: 18 78 0.878226 -0.389697 0.277226
F: 19 38 0.844916 -0.391741 0.364220
F: 20 81 -0.878560 -0.064577 0.473246
F: 21 61 0.233494 -0.711843 0.662390
F: 22 0 -0.941287 0.331355 0.064678
F: 23 75 -0.594499 -0.527520 0.606872
F: 24 1 0.675286 -0.733689 0.075422
F: 25 79 -0.847291 -0.298011 0.439644
F: 26 64 0.518270 -0.631928 0.576249
F: 27 84 0.815053 -0.290665 -0.501201
F: 28 8 -0.616410 -0.446660 0.648486
F: 29 90 0.848527 -0.450024 -0.278353
F: 30 40 -0.418695 -0.563527 0.712132
F: 31 45 0.333272 -0.801017 0.497295
F: 32 19 0.931061 0.341012 -0.129753
F: 33 67 -0.715697 0.621324 0.318959
F: 34 76 0.002899 0.664586 -0.747206
F: 35 44 -0.761723 0.642765 -0.081429
F: 36 7 -0.808952 0.580957 0.089916
F: 37 56 0.999595 -0.024588 0.014339
F: 38 83 -0.949878 0.250666 0.186809
F: 39 93 -0.101488 -0.812290 0.574356
F: 40 14 -0.216611 -0.690010 0.690627
F: 41 18 -0.553317 -0.561621 0.615160
F: 42 9 -0.937420 0.040788 0.345803
F: 43 43 -0.803913 0.560924 -0.197707
F: 44 15 0.927632 -0.282878 -0.243883
F: 45 72 0.465939 -0.805922 0.365226
F: 46 66 -0.617394 -0.525832 0.585085
F: 47 60 -0.819999 -0.318689 0.475436
F: 48 35 -0.636961 -0.530119 0.559692
F: 49 21 0.877879 -0.462723 0.123352
F: 50 31 0.193983 -0.758822 0.621739
F: 51 48 0.334326 0.658489 -0.674254
F: 52 2 -0.336590 -0.494420 0.801409
F: 53 49 -0.693279 -0.327996 0.641703
F: 54 51 -0.923270 0.383335 0.025035
F: 55 41 0.004266 -0.770442 0.637496
F: 56 58 0.570202 0.627308 -0.530429
F: 57 97 -0.699841 -0.316274 0.640464
F: 58 77 -0.899292 0.391021 0.195897
F: 59 28 -0.582298 -0.483624 0.653481
F: 60 42 0.053877 -0.809639 0.584451
F: 61 86 0.375059 -0.703829 0.603287
F: 62 57 -0.070177 -0.759878 0.646267
F: 63 24 0.401010 -0.745816 0.531930
F: 64 70 -0.939471 0.262204 0.220553
F: 65 54 -0.179303 -0.649683 0.738757
F: 66 30 0.163136 -0.685344 0.709712
F: 67 74 -0.931601 0.302736 0.201172
F: 68 23 0.676614 0.568292 -0.468228
F: 69 4 -0.909341 0.065209 0.410909
F: 70 73 -0.600246 -0.533687 0.595721
F: 71 17 0.898199 -0.028298 -0.438677
F: 72 20 0.391452 -0.824885 0.407837
F: 73 62 -0.675416 -0.403996 0.616928
F: 74 11 -0.774618 -0.390076 0.497803
F: 75 71 -0.968356 0.229243 0.098663
F: 76 36 -0.413688 -0.622608 0.664245
F: 77 88 0.320050 0.872250 -0.369794
F: 78 26 -0.524090 -0.497609 0.691169
F: 79 85 0.096688 -0.572901 0.813902
F: 80 22 -0.515975 0.768159 -0.379080
F: 81 6 0.224936 -0.861188 0.455807
KF: 5 7.620304 3.251262 1.292721 2.498825 -2.527761 0.810897 7.620304 3.251262 1.292721 2.498825 -2.527761 0.810897
F: 0 58 0.747190 0.656965 -0.100514
F: 1 81 0.705055 -0.098563 -0.702269
F: 2 8 0.641747 -0.245452 -0.726577
F: 3 48 0.791071 0.599896 -0.119715
F: 4 22 0.834102 0.472955 -0.283879
F: 5 53 0.901396 0.289537 -0.321952
F: 6 71 0.831523 0.075093 -0.550392
F: 7 5 0.825846 0.528840 -0.195721
F: 8 89 -0.159954 -0.825877 -0.540686
F: 9 62 0.554238 -0.366905 -0.747128
F: 10 84 0.829320 0.551768 -0.088213
F: 11 33 0.465995 -0.528308 -0.709746
F: 12 99 0.817056 0.487515 -0.307814
F: 13 37 0.051629 -0.809808 -0.584419
F: 14 96 0.281075 -0.520340 -0.806377
F: 15 16 0.374844 -0.346450 -0.859921
F: 16 40 0.242507 -0.597414 -0.764387
F: 17 1 0.845225 0.504646 -0.175863
F: 18 50 -0.392798 0.592738 0.703115
F: 19 83 0.809606 0.108127 -0.576929
F: 20 98 0.625754 -0.151933 -0.765081
F: 21 31 0.761298 -0.028067 -0.647794
F: 22 43 0.858044 0.339822 -0.385073
F: 23 79 0.749766 -0.190071 -0.633817
F: 24 55 0.616838 -0.333498 -0.712944
F: 25 0 0.841080 0.182060 -0.509351
F: 26 47 0.721789 -0.225756 -0.654259
F: 27 45 -0.668632 -0.719902 0.186205
F: 28 75 0.745787 -0.164328 -0.645599
F: 29 28 0.410281 -0.509964 -0.756047
F: 30 41 0.051847 -0.804255 -0.592019
F: 31 68 0.083134 0.325641 -0.941832
F: 32 72 -0.410197 -0.435255 0.801431
F: 33 57 0.040479 -0.809638 -0.585532
F: 34 7 0.789612 0.298820 -0.535929
F: 35 94 0.257947 -0.807806 -0.530013
F: 36 56 0.596224 0.802769 0.008888
F: 37 90 0.816561 0.576003 -0.038072
F: 38 12 0.736911 0.565354 -0.370590
F: 39 36 0.522372 -0.448186 -0.725436
F: 40 6 0.961825 0.108561 -0.251212
F: 41 24 -0.712845 -0.685618 -0.147580
F: 42 82 0.565045 -0.478200 -0.672346
F: 43 27 0.491942 -0.441408 -0.750435
F: 44 26 0.691466 -0.144692 -0.707771
F: 45 92 0.731304 -0.271992 -0.625472
F: 46 29 0.849559 0.333223 -0.408915
F: 47 32 0.495834 0.863543 -0.091878
F: 48 60 0.751120 -0.167513 -0.638560
F: 49 78 0.445195 0.888865 0.108258
F: 50 20 -0.109091 -0.748983 0.653547
F: 51 51 0.854058 0.287533 -0.433485
F: 52 14 0.660640 -0.244699 -0.709702
F: 53 15 0.649432 0.729364 0.215095
F: 54 39 0.802620 0.148711 -0.577656
F: 55 97 0.552495 -0.298382 -0.778278
F: 56 66 0.365600 -0.632209 -0.683117
F: 57 18 0.678713 -0.285604 -0.676594
F: 58 77 0.772883 0.149370 -0.616717
F: 59 19 0.687986 0.718060 -0.105189
F: 60 86 -0.759916 -0.453775 -0.465419
F: 61 3 -0.013288 -0.796237 -0.604839
F: 62 61 0.567221 -0.032492 -0.822925
F: 63 93 0.512170 -0.650570 -0.560750
F: 64 10 0.399764 -0.603244 -0.690134
F: 65 64 0.772590 0.568612 -0.282463
F: 66 44 0.833681 0.402280 -0.378347
F: 67 34 -0.668478 -0.741794 -0.053656
F: 68 65 0.901427 0.220796 -0.372396
F: 69 21 0.527928 0.814185 0.241648
F: 70 87 0.863886 0.185981 -0.468095
F: 71 69 0.120552 -0.641271 -0.757786
F: 72 80 0.747731 0.168608 -0.642238
F: 73 49 0.487452 -0.373215 -0.789368
F: 74 23 0.731316 0.676086 -0.089918
F: 75 4 0.775101 0.068225 -0.628143
F: 76 35 0.540804 -0.499635 -0.676680
F: 77 59 0.767989 -0.078694 -0.635610
F: 78 17 0.709418 0.697796 0.099024
F: 79 70 0.792262 0.100265 -0.601887
F: 80 38 0.679644 0.723248 -0.122458
F: 81 73 0.409942 -0.590900 -0.694827
F: 82 46 0.722407 0.216169 -0.656810
F: 83 63 0.667206 0.744640 -0.018641
F: 84 42 0.828831 -0.142791 -0.540971
F: 85 95 0.904118 0.255606 -0.342398
F: 86 2 0.592940 -0.101988 -0.798762
F: 87 54 0.166806 -0.593117 -0.787647
F: 88 76 0.831838 0.527003 -0.174108
F: 89 74 0.810451 0.168749 -0.560974
F: 90 52 -0.058509 -0.941854 -0.330890
F: 91 30 0.654340 0.087097 -0.751168
F: 92 11 0.661191 -0.335796 -0.670871
F: 93 13 0.323029 -0.666386 -0.671998
F: 94 88 0.738185 0.647315 -0.189913
F: 95 67 0.770882 0.394395 -0.500193
F: 96 25 0.849811 0.183206 -0.494224
F: 97 9 0.810311 0.085463 -0.579734
F: 98 85 0.818023 0.437798 -0.373055
KF: 6 -1.035686 2.809596 2.674918 1.917346 -2.886306 1.223392 -1.035686 2.809596 2.674918 1.917346 -2.886306 1.223392
F: 0 24 -0.517221 0.333086 0.788375
F: 1 15 0.405087 0.399507 0.822374
F: 2 86 -0.609489 0.387030 0.691904
F: 3 90 0.574117 0.397524 0.715796
F: 4 66 -0.336677 -0.391122 -0.856547
F: 5 0 0.951334 0.206872 -0.228401
F: 6 94 -0.749954 0.123560 0.649847
F: 7 48 0.743848 0.417828 0.521641
F: 8 35 -0.070990 -0.389673 -0.918213
F: 9 26 0.685925 0.642483 -0.341648
F: 10 55 0.342122 -0.169072 -0.924320
F: 11 60 0.786759 0.006179 -0.617230
F: 12 4 0.874756 0.273640 -0.399903
F: 13 80 0.206303 0.717027 0.665816
F: 14 72 -0.494281 0.148454 0.856532
F: 15 36 -0.637239 0.064940 -0.767925
F: 16 73 -0.317027 -0.364054 -0.875762
F: 17 23 0.665239 0.475273 0.575823
F: 18 54 -0.962852 0.226795 -0.146561
F: 19 78 0.158904 0.542361 0.824982
F: 20 49 0.051444 -0.034778 -0.998070
F: 21 14 -0.179924 0.751751 0.634427
F: 22 91 0.950938 0.301371 -0.069946
F: 23 33 -0.115491 -0.330562 -0.936691
F: 24 62 0.136537 -0.078622 -0.987510
F: 25 29 0.926306 0.356741 0.121213
F: 26 79 0.747569 -0.070226 -0.660462
F: 27 53 0.734132 0.378460 0.563754
F: 28 12 0.745053 0.580689 0.328170
F: 29 83 0.904231 0.179400 -0.387533
F: 30 8 0.479134 0.242462 -0.843589
F: 31 5 0.521290 0.481440 0.704608
F: 32 28 -0.289128 -0.175253 -0.941112
F: 33 96 -0.676451 0.093193 -0.730568
F: 34 84 0.644104 0.396176 0.654351
F: 35 81 0.689413 0.119914 -0.714374
F: 36 75 0.891661 0.340607 -0.298208
F: 37 59 0.855948 0.149827 -0.494879
F: 38 38 0.360492 0.558456 0.747110
F: 39 82 -0.054186 -0.385723 -0.921022
F: 40 17 0.537168 0.409734 0.737271
F: 41 99 0.741645 0.490718 0.457338
F: 42 45 -0.795842 0.062209 0.602301
F: 43 85 0.599174 0.558050 0.574083
F: 44 67 0.855297 0.515383 0.053367
F: 45 51 0.948051 0.315551 0.040343
F: 46 93 -0.764510 -0.005834 0.644586
F: 47 40 -0.678382 -0.084084 -0.729882
F: 48 64 0.307801 0.568688 0.762793
F: 49 32 0.161927 0.602694 0.781370
F: 50 27 -0.406362 0.024758 -0.913377
F: 51 63 0.574875 0.499162 0.648349
F: 52 42 -0.113950 0.410662 0.904639
F: 53 69 -0.888446 0.025850 -0.458253
F: 54 95 0.520256 0.432078 0.736643
F: 55 65 0.753834 0.374992 0.539551
F: 56 74 0.921906 0.261270 -0.286055
F: 57 37 -0.990012 -0.134518 -0.042203
F: 58 76 0.780747 0.392630 0.486082
F: 59 68 -0.399929 0.509366 0.761973
F: 60 30 -0.174352 0.643819 0.745049
F: 61 34 -0.789207 0.165051 0.591532
F: 62 43 0.956740 0.287741 0.043057
F: 63 3 -0.990404 0.016571 0.137203
F: 64 10 -0.254363 -0.384498 -0.887390
F: 65 92 -0.177846 0.458951 0.870480
F: 66 21 0.196717 0.456892 0.867498
F: 67 58 0.692813 0.461216 0.554338
F: 68 61 -0.345934 0.541100 0.766512
F: 69 22 0.868604 0.392169 0.302872
F: 70 46 -0.072870 0.621686 0.779870
F: 71 89 -0.961699 0.067685 0.265620
F: 72 31 -0.225889 0.493172 0.840093
F: 73 71 0.910055 0.085881 -0.405492
F: 74 6 0.057663 0.336147 0.940043
F: 75 18 0.615306 0.168352 -0.770102
F: 76 41 -0.920646 0.088885 0.380146
F: 77 87 0.969266 0.242269 -0.042768
F: 78 77 0.860358 0.235579 -0.451981
F: 79 70 0.878958 0.190026 -0.437405
F: 80 7 0.911661 0.350308 -0.214844
F: 81 47 0.713988 -0.022301 -0.699802
F: 82 2 0.170523 0.981936 -0.082003
F: 83 57 -0.982761 -0.015827 0.184204
F: 84 16 -0.594622 0.554629 0.582075
F: 85 56 0.421934 0.540124 0.728174
F: 86 50 -0.356265 0.367782 0.858960
F: 87 98 0.515249 0.202979 -0.832657
F: 88 25 0.962145 0.231438 -0.143921
F: 89 9 0.924856 0.244450 -0.291353
F: 90 39 0.902085 0.425521 -0.071931
F: 91 20 -0.486582 0.156902 0.859430
KF: 7 -3.409971 6.635182 0.298485 2.017826 1.496422 1.174946 -3.409971 6.635182 0.298485 2.017826 1.496422 1.174946
F: 0 26 -0.233965 -0.448136 0.862806
F: 1 35 -0.689522 -0.703743 -0.171186
F: 2 2 -0.024335 -0.248292 0.968380
F: 3 23 -0.126951 -0.251340 0.959537
F: 4 7 -0.083792 -0.798594 0.596009
F: 5 98 -0.070757 -0.961497 0.265549
F: 6 80 -0.094638 -0.007143 0.995486
F: 7 31 -0.131083 0.295139 0.946420
F: 8 0 -0.215057 -0.792581 0.570583
F: 9 83 -0.192413 -0.862395 0.468244
F: 10 39 -0.176259 -0.606699 0.775145
F: 11 85 -0.137169 -0.205743 0.968945
F: 12 91 -0.239309 -0.638754 0.731249
F: 13 95 -0.247839 -0.100341 0.963591
F: 14 43 -0.207540 -0.659251 0.722714
F: 15 89 -0.048950 0.918007 0.393531
F: 16 13 -0.544397 0.723373 0.424693
F: 17 28 -0.302060 -0.724297 -0.619801
F: 18 97 -0.132152 -0.988870 0.068358
F: 19 45 -0.075778 0.887842 0.453865
F: 20 87 -0.260178 -0.659762 0.704997
F: 21 24 -0.056825 0.598082 0.799418
F: 22 66 -0.355773 -0.324922 -0.876271
F: 23 81 -0.167858 -0.944344 0.282909
F: 24 99 -0.148067 -0.331605 0.931727
F: 25 88 -0.097018 -0.346284 0.933100
F: 26 8 -0.300625 -0.691096 0.657275
F: 27 49 -0.079934 -0.948026 -0.307990
F: 28 67 -0.057470 -0.597272 0.799977
F: 29 42 -0.239788 0.214017 0.946942
F: 30 29 -0.193883 -0.581895 0.789815
F: 31 57 -0.169896 0.896949 0.408189
F: 32 53 -0.265941 -0.257291 0.929019
F: 33 96 0.773780 0.567564 -0.281310
F: 34 36 -0.500602 -0.128233 0.856127
F: 35 1 -0.201419 -0.192462 0.960411
F: 36 94 -0.222741 0.645331 0.730709
F: 37 82 -0.742878 -0.659899 0.112541
F: 38 30 -0.052556 0.223860 0.973203
F: 39 38 -0.079847 -0.010106 0.996756
F: 40 52 -0.273553 0.904810 0.326325
F: 41 48 -0.172799 -0.315434 0.933082
F: 42 90 -0.209857 -0.130176 0.969028
F: 43 79 -0.395924 -0.832514 0.387511
F: 44 72 -0.172279 0.657239 0.733728
F: 45 59 -0.293132 -0.773309 0.562198
F: 46 46 -0.069810 0.191493 0.979008
F: 47 60 -0.373686 -0.792011 0.482782
F: 48 9 -0.220874 -0.760786 0.610261
F: 49 70 -0.162976 -0.887355 0.431324
F: 50 77 -0.095656 -0.911487 0.400052
F: 51 62 -0.319101 -0.947018 0.036498
F: 52 73 -0.482496 -0.446153 -0.753754
F: 53 51 -0.209052 -0.631554 0.746617
F: 54 64 -0.103259 0.013774 0.994559
F: 55 54 0.059020 0.797738 0.600108
F: 56 18 -0.434267 -0.468294 0.769489
F: 57 78 -0.039771 0.152595 0.987488
KF: 8 -5.778308 1.018633 0.813035 -2.414452 -2.054672 2.218177 -5.778308 1.018633 0.813035 -2.414452 -2.054672 2.218177
F: 0 16 0.121862 0.496359 -0.859521
F: 1 61 0.215487 0.363295 -0.906412
F: 2 88 0.481103 -0.559257 -0.675109
F: 3 78 0.360895 -0.036322 -0.931899
F: 4 80 0.328708 0.124086 -0.936245
F: 5 72 0.294165 0.495114 -0.817514
F: 6 5 0.514953 -0.182235 -0.837624
F: 7 42 0.383914 0.350514 -0.854254
F: 8 20 0.302400 0.496404 -0.813718
F: 9 35 0.051083 0.946160 0.319643
F: 10 8 0.379990 0.631039 -0.676312
F: 11 91 0.645681 -0.652618 -0.396468
F: 12 39 0.560612 -0.604311 -0.566147
F: 13 50 0.258746 0.352155 -0.899465
F: 14 62 -0.221842 0.867901 0.444447
F: 15 87 0.649589 -0.709718 -0.272642
F: 16 25 0.579369 -0.804211 -0.132579
F: 17 27 -0.015568 0.914533 -0.404211
F: 18 63 0.484742 -0.384224 -0.785747
F: 19 76 0.591064 -0.490920 -0.640032
F: 20 4 0.446498 -0.893636 -0.045320
F: 21 17 0.550220 -0.284802 -0.784950
F: 22 15 0.527705 -0.167420 -0.832765
F: 23 84 0.586777 -0.309233 -0.748377
F: 24 0 0.497176 -0.867240 0.026664
F: 25 51 0.580535 -0.741598 -0.336171
F: 26 1 0.568065 -0.274197 -0.775962
F: 27 75 0.627796 0.227656 -0.744342
F: 28 13 0.018212 0.908350 -0.417814
F: 29 56 0.431479 -0.249030 -0.867070
F: 30 98 -0.366521 -0.629057 0.685529
F: 31 92 0.370776 0.435307 -0.820386
F: 32 33 -0.242915 0.741159 0.625839
F: 33 67 0.389073 -0.772466 -0.501915
F: 34 14 0.300416 0.442958 -0.844712
F: 35 68 0.174945 0.358061 -0.917162
F: 36 74 0.427884 -0.903828 0.003247
F: 37 10 -0.258199 0.781618 0.567808
F: 38 64 0.409877 -0.043249 -0.911115
F: 39 12 0.405265 -0.599297 -0.690365
F: 40 6 0.461339 0.242904 -0.853325
F: 41 93 0.282132 0.670427 -0.686243
F: 42 18 0.489816 0.586970 -0.644629
F: 43 21 0.430965 -0.025798 -0.902000
F: 44 82 0.166250 0.980561 0.104212
F: 45 26 0.415343 0.251599 -0.874179
F: 46 60 0.955995 -0.272803 0.107946
F: 47 73 -0.208483 0.900598 0.381391
F: 48 49 -0.539550 0.549609 0.637821
F: 49 81 0.149718 -0.772019 0.617715
F: 50 31 0.297459 0.337494 -0.893094
F: 51 65 0.636529 -0.179552 -0.750061
F: 52 9 0.575519 -0.806766 -0.133816
F: 53 69 -0.279016 0.898906 -0.337813
F: 54 34 0.082139 0.650965 -0.754651
F: 55 59 0.797876 -0.588245 -0.131763
F: 56 97 -0.534022 0.583188 0.612138
F: 57 54 -0.127520 0.796758 -0.590690
F: 58 7 0.316334 -0.947142 -0.053436
F: 59 52 0.107925 0.829388 -0.548149
F: 60 53 0.628611 -0.219674 -0.746050
F: 61 77 0.196930 -0.938972 0.282048
F: 62 79 0.853043 -0.271089 0.445903
F: 63 96 -0.342173 0.895270 -0.285325
F: 64 28 -0.346010 0.899858 0.265580
F: 65 29 0.572523 -0.701747 -0.423992
F: 66 58 0.525098 -0.475058 -0.706110
F: 67 70 0.320462 -0.910340 0.261887
F: 68 89 -0.014562 0.786373 -0.617581
F: 69 99 0.527400 -0.442175 -0.725487
KF: 9 -7.620577 -9.829407 0.699325 -0.702517 -0.229708 0.795578 -7.620577 -9.829407 0.699325 -0.702517 -0.229708 0.795578
F: 0 51 0.955465 -0.271079 -0.116626
F: 1 46 0.973486 0.102862 -0.204313
F: 2 41 0.959974 0.280076 -0.002723
F: 3 92 0.984349 0.174614 -0.023818
F: 4 34 0.974340 0.189528 -0.121410
F: 5 77 -0.054534 0.766729 0.639651
F: 6 10 0.650853 0.608400 0.454136
F: 7 2 0.938460 0.341261 -0.053235
F: 8 15 0.845558 -0.362019 -0.392396
F: 9 19 0.795736 -0.341910 -0.499901
F: 10 40 0.807394 0.554422 0.201819
F: 11 56 0.824197 -0.292244 -0.485069
F: 12 60 0.853210 0.398433 0.336577
F: 13 5 0.934813 -0.182927 -0.304405
F: 14 65 0.991055 -0.075125 -0.110304
F: 15 76 0.806282 -0.458401 -0.373868
F: 16 62 0.760620 0.565361 0.319099
F: 17 85 0.953936 -0.088439 -0.286678
F: 18 64 0.949465 -0.070199 -0.305922
F: 19 79 0.808319 0.423188 0.409308
F: 20 66 0.676224 0.597997 0.430256
F: 21 59 0.883244 0.379493 0.275437
F: 22 50 0.967178 0.012719 -0.253780
F: 23 36 0.912108 0.385775 0.138699
F: 24 9 0.932846 0.278736 0.228265
F: 25 52 0.962384 0.264969 0.060076
F: 26 0 0.881817 -0.025468 0.470904
F: 27 7 0.778228 -0.085354 -0.622154
F: 28 55 0.635457 0.607395 0.476724
F: 29 30 0.972493 0.143067 -0.183820
F: 30 81 0.642642 0.637806 0.424517
F: 31 89 0.948204 0.317651 -0.002822
F: 32 21 0.897854 -0.219180 -0.381861
F: 33 26 0.943197 0.326734 0.060209
F: 34 54 0.911062 0.410932 0.033182
F: 35 47 0.871857 0.394187 0.290657
F: 36 11 0.752843 0.498332 0.429991
F: 37 58 0.731034 -0.472447 -0.492324
F: 38 32 0.904216 -0.102526 -0.414586
F: 39 37 0.919167 0.379839 0.104184
F: 40 42 0.990747 0.099941 -0.091830
F: 41 12 0.796178 -0.249744 -0.551115
F: 42 75 0.950864 0.284972 0.121029
F: 43 96 0.833934 0.533232 0.142189
F: 44 97 0.722454 0.623281 0.299301
F: 45 33 0.659556 0.605907 0.444818
F: 46 63 0.750563 -0.414858 -0.514342
F: 47 74 0.903835 0.292190 0.312581
F: 48 28 0.747405 0.588661 0.308000
F: 49 1 0.917387 -0.259978 -0.301352
F: 50 16 0.964545 0.239523 -0.110821
F: 51 20 0.989802 0.038565 -0.137128
F: 52 61 0.973528 0.140347 -0.180404
F: 53 95 0.986399 -0.053278 -0.155496
F: 54 22 0.764941 -0.505151 -0.399610
F: 55 82 0.830507 0.453592 0.323283
F: 56 49 0.651957 0.674299 0.346804
F: 57 67 0.881957 -0.088883 -0.462873
F: 58 84 0.875820 -0.351685 -0.330541
F: 59 25 0.977781 -0.046963 0.204299
F: 60 70 0.506176 0.583452 0.635114
F: 61 88 0.690402 -0.462519 -0.556257
F: 62 39 0.984105 0.175427 -0.027622
F: 63 6 0.990669 -0.008315 -0.136038
F: 64 45 0.981446 0.164016 -0.099312
F: 65 3 0.937295 0.346476 0.037834
F: 66 23 0.741332 -0.449563 -0.498317
F: 67 8 0.884636 0.431135 0.177601
F: 68 43 0.737903 -0.647353 -0.190875
F: 69 86 0.967092 0.154762 -0.201947
F: 70 98 0.695619 0.657922 0.288537
F: 71 24 0.976813 0.097232 -0.190739
F: 72 27 0.876052 0.449854 0.173677
F: 73 69 0.858751 0.499258 0.115272
F: 74 29 0.927724 -0.301442 -0.220137
F: 75 13 0.909457 0.389215 0.146287
F: 76 78 0.892405 -0.163094 -0.420729
F: 77 57 0.943750 0.327570 0.045089
F: 78 73 0.732518 0.563466 0.382000
F: 79 44 0.851247 -0.387323 -0.354061
F: 80 93 0.976074 0.213878 0.039186
F: 81 48 0.741423 -0.503123 -0.444025
F: 82 68 0.964574 0.114280 -0.237776
F: 83 83 0.639672 0.440850 0.629659
F: 84 17 0.803845 -0.424006 -0.417196
F: 85 71 0.372857 0.311204 0.874145
F: 86 35 0.788569 0.492783 0.367864
F: 87 4 0.868100 0.435238 0.238686
F: 88 94 0.979947 0.196656 -0.032093
F: 89 72 0.986988 0.014940 -0.160097
F: 90 91 0.994620 0.083760 0.060946
F: 91 90 0.886910 -0.326030 -0.327254
F: 92 99 0.901086 -0.244471 -0.358159
