L: 0 -6.605909 -7.570696 2.402744
L: 1 3.429931 -5.329095 2.491006
L: 2 -0.740422 1.468412 0.161926
L: 3 2.038135 8.629660 1.189899
L: 4 -6.016197 -3.902795 1.323934
L: 5 4.051790 -4.180511 2.025216
L: 6 4.551688 0.431170 2.781732
L: 7 -6.733687 -9.560188 0.478800
L: 8 -3.841449 1.791308 1.460338
L: 9 -5.281772 -4.269286 1.973465
L: 10 -9.301322 8.608889 2.614831
L: 11 -7.106623 2.214571 2.872836
L: 12 1.133648 -7.913198 0.060027
L: 13 -1.057529 7.001809 1.983606
L: 14 0.740918 2.281684 1.543410
L: 15 8.055954 -6.127138 2.789475
L: 16 3.060974 3.826864 0.466301
L: 17 6.672794 -7.621533 2.740590
L: 18 -2.646497 2.005442 2.208227
L: 19 5.162025 -7.612010 1.021041
L: 20 8.244576 4.543239 2.833399
L: 21 8.743325 -3.521340 1.727892
L: 22 -0.019576 -9.222998 2.215477
L: 23 4.472453 -9.042368 1.687986
L: 24 7.681114 4.326284 1.105597
L: 25 -5.058340 -6.594628 2.521880
L: 26 -2.006992 0.891507 1.352971
L: 27 -3.140464 4.567362 1.386202
L: 28 -6.482552 6.510875 1.169762
L: 29 -2.172370 -7.511394 2.145618
L: 30 3.731768 1.536521 0.615903
L: 31 4.312504 1.901518 1.394224
L: 32 7.296476 -2.772613 0.076449
L: 33 -8.916729 6.690899 2.356946
L: 34 8.048121 8.438364 0.997221
L: 35 -6.028012 5.099387 2.866909
L: 36 -1.982245 4.284119 1.735802
L: 37 0.723790 9.395876 1.700827
L: 38 5.899552 -4.118504 0.966757
L: 39 -2.804551 -3.603537 1.435909
L: 40 -4.155234 8.333728 0.421906
L: 41 3.106977 7.227426 1.512842
L: 42 3.277728 1.678454 2.203196
L: 43 -3.678681 -9.668396 2.596921
L: 44 -1.479364 -8.365722 1.817398
L: 45 9.500174 9.924793 1.915364
L: 46 4.076889 0.895336 0.780246
L: 47 -4.841287 0.757803 2.547778
L: 48 3.214803 -9.298242 2.405667
L: 49 -8.421167 4.418209 0.441468
L: 50 9.244025 2.743957 1.196235
L: 51 -3.123418 -7.401386 2.315031
L: 52 3.614747 9.320055 2.864594
L: 53 1.508494 -3.709266 2.858579
L: 54 0.139724 6.940260 0.210525
L: 55 -9.044697 2.548567 2.164931
L: 56 7.096498 -6.394494 0.866261
L: 57 2.082073 8.271388 1.568769
L: 58 4.077445 -9.301033 1.850307
L: 59 -5.193518 -1.423357 2.181655
L: 60 -5.547204 -0.320453 2.621107
L: 61 4.683268 2.492388 0.687002
L: 62 -6.510320 3.597506 1.436388
L: 63 6.005462 -8.623081 1.379619
L: 64 4.757490 -2.384881 1.176268
L: 65 1.041162 -3.048771 2.839151
L: 66 -8.665741 9.234624 2.569455
L: 67 -2.201891 -7.420135 0.179902
L: 68 6.606484 2.879216 0.146195
L: 69 -1.822681 8.783042 0.057235
L: 70 -8.710073 -6.241065 1.545716
L: 71 -9.232011 -6.776436 2.906869
L: 72 9.834491 4.961723 2.914068
L: 73 -7.140861 7.659955 2.389664
L: 74 -6.556537 -6.621442 1.587887
L: 75 -2.302774 0.574942 2.197234
L: 76 2.227612 -8.356681 2.670097
L: 77 -9.987080 -7.738161 0.637893
L: 78 8.510029 -3.235473 0.579675
L: 79 -6.383719 -0.265045 2.894850
L: 80 2.374131 -0.019852 0.845514
L: 81 -8.390010 -1.482374 1.207618
L: 82 -5.008409 4.548256 2.825311
L: 83 -8.091236 -6.348292 1.953422
L: 84 4.022495 -6.430805 2.855653
L: 85 2.451633 -3.797214 1.402619
L: 86 7.445406 5.170602 0.119723
L: 87 -3.794777 -5.944346 2.768770
L: 88 2.947371 -9.808089 1.067403
L: 89 3.398231 8.882346 1.002193
L: 90 4.810021 -5.845561 2.867631
L: 91 -3.367919 -4.452128 2.238528
L: 92 1.678812 2.239506 2.177531
L: 93 2.061192 4.813459 2.763821
L: 94 4.002984 5.616315 2.163883
L: 95 2.619694 -2.004251 2.555526
L: 96 -3.306909 6.890408 0.009107
L: 97 -7.084721 2.854360 0.633070
L: 98 -7.469045 0.343594 0.280570
L: 99 1.742287 -6.280233 1.632668
